1
Obstacle;0.36,0.5;0.5,0.11

2
Obstacle;0.4,0.236;0.2,0.11
Obstacle;0.2,0.345;0.2,0.11
Obstacle;0.6467,0.65;0.5,0.11

3
Obstacle;0.3533,0.75;0.5,0.11
Obstacle;0.6467,0.25;0.5,0.11

4
Obstacle;0.2,0.475;0.2,0.11
Obstacle;0.4,0.37;0.2,0.11
Obstacle;0.8,0.545;0.2,0.11
Obstacle;0.6,0.66;0.2,0.11

5
Obstacle;0.5,0.24;0.2,0.11
Bumper;0.67,0.4;0.5,0.037
Bumper;0.33,0.60;0.5,0.037

6
Obstacle;0.33,0.29;0.2,0.11
Obstacle;0.67,0.49;0.2,0.11
Obstacle;0.33,0.71;0.2,0.11
Bumper;0.82,0.285;0.067,0.28
Bumper;0.18,0.5;0.067,0.28
Bumper;0.82,0.7;0.067,0.28

7
Obstacle;0.2,0.3223;0.2,0.28
Obstacle;0.533,0.74;0.2,0.11
Obstacle;0.813,0.5;0.2,0.11
Bumper;0.2,0.685;0.067,0.11

8
Obstacle;0.186,0.196;0.2,0.11
Obstacle;0.814,0.196;0.2,0.11
Obstacle;0.5,0.820;0.2,0.11
Obstacle;0.5,0.488;0.346,0.11

9
Bumper;0.32,0.51;0.5,0.037
Bumper;0.32,0.84;0.5,0.037
Bumper;0.68,0.34;0.5,0.037
Bumper;0.68,0.69;0.5,0.037

10
Bumper;0.745,0.405;0.067,0.28
Obstacle;0.1867,0.1874;0.2,0.11
Obstacle;0.8133,0.1874;0.2,0.11
Obstacle;0.475,0.6446;0.2,0.11
Obstacle;0.25,0.35;0.2,0.11
Obstacle;0.5133,0.8072;0.2,0.11

11
Obstacle;0.1733,0.712;0.2,0.28
Obstacle;0.373,0.397;0.2,0.11
Obstacle;0.75,0.184;0.346,0.11

12
Bumper;0.5,0.527;0.5,0.037
Obstacle;0.5,0.712;0.2,0.28
Bumper;0.2266,0.35;0.196,0.037
Obstacle;0.813,0.187;0.2,0.11

13
MObstacle;0.36,0.5;0.64,0.5;0.5,0.11;0.75

14
Obstacle;0.2266,0.243;0.2,0.11
Obstacle;0.7734,0.243;0.2,0.11
MObstacle;0.2266,0.795;0.7734,0.795;0.2,0.11;0.5

15
MObstacle;0.3,0.243;0.3,0.75;0.346,0.11;3.0
MObstacle;0.7,0.243;0.7,0.75;0.346,0.11;2.0

16
MObstacle;0.36,0.573;0.64,0.573;0.5,0.11;1.1
MObstacle;0.64,0.423;0.36,0.423;0.5,0.11;1.1

17
Obstacle;0.186,0.345;0.2,0.28
Obstacle;0.5,0.262;0.346,0.11
MObstacle;0.814,0.345;0.814,0.725;0.2,0.28;1.25

18
MObstacle;0.5,0.262;0.8,0.262;0.2,0.11;2.5
MObstacle;0.8,0.58;0.5,0.58;0.2,0.11;1.5
MObstacle;0.2,0.42;0.5,0.42;0.2,0.11;2.0
MObstacle;0.5,0.74;0.2,0.74;0.2,0.11;1.0

19
Obstacle;0.166,0.4;0.2,0.28
Obstacle;0.1,0.7;0.067,0.28
MBumper;0.233,0.7;0.5,0.7;0.067,0.28;1.75
Obstacle;0.44,0.318;0.2,0.11
Obstacle;0.733,0.7;0.346,0.11

20
MObstacle;0.8,0.5;0.2,0.5;0.2,0.11;0.75
MObstacle;0.2,0.2;0.8133,0.376;0.2,0.11;0.75
MObstacle;0.2,0.8;0.8133,0.633;0.2,0.11;0.75

21
Bumper;0.333,0.515;0.5,0.037
Bumper;0.667,0.335;0.5,0.037
MBumper;0.5,0.425;0.12,0.425;0.067,0.11;1.0
MBumper;0.88,0.425;0.5,0.425;0.067,0.11;1.0

22
MObstacle;0.2,0.18;0.8,0.29;0.2,0.11;0.5
MObstacle;0.8,0.427;0.2,0.54;0.2,0.11;0.5
MObstacle;0.2,0.675;0.8,0.787;0.2,0.11;0.5

23
MObstacle;0.2,0.42;0.8,0.42;0.2,0.11;1.0
Bumper;0.3266,0.517;0.5,0.037
Bumper;0.6734,0.72;0.5,0.037

24
MObstacle;0.18,0.2046;0.33,0.2046;0.2,0.11;1.0
MObstacle;0.82,0.2046;0.67,0.2046;0.2,0.11;1.0
MObstacle;0.233,0.3666;0.33,0.3666;0.2,0.11;1.0
MObstacle;0.767,0.3666;0.67,0.3666;0.2,0.11;1.0
MObstacle;0.2866,0.528;0.33,0.528;0.2,0.11;1.0
MObstacle;0.7133,0.528;0.67,0.528;0.2,0.11;1.0
MObstacle;0.31,0.690;0.35,0.690;0.2,0.11;1.0
MObstacle;0.69,0.690;0.65,0.690;0.2,0.11;1.0

25
MObstacle;0.55,0.558;0.2533,0.22488;0.2,0.11;1.0
MObstacle;0.3266,0.7;0.6734,0.7;0.346,0.11;1.0
MObstacle;0.8,0.22488;0.8,0.558;0.2,0.11;1.0

26
MObstacle;0.1333,0.277;0.5,0.277;0.067,0.28;0.5
MObstacle;0.1333,0.666;0.5,0.666;0.067,0.28;0.5
MObstacle;0.5,0.277;0.8667,0.277;0.067,0.28;0.5
MObstacle;0.5,0.666;0.8667,0.666;0.067,0.28;0.5

27
MObstacle;0.5,0.25;0.5,0.75;0.2,0.11;1
MBumper;0.1333,0.375;0.25,0.375;0.067,0.28;0.75
MBumper;0.1333,0.666;0.25,0.666;0.067,0.28;0.75
MBumper;0.75,0.375;0.8667,0.375;0.067,0.28;0.75
MBumper;0.75,0.666;0.8667,0.666;0.067,0.28;0.75

28
MBumper;0.25,0.3;0.25,0.75;0.067,0.28;0.75
MBumper;0.3,0.75;0.6866,0.75;0.5,0.037;0.75
MBumper;0.75,0.75;0.75,0.3;0.067,0.28;0.75
MBumper;0.7,0.3125;0.3,0.3125;0.5,0.037;0.75

29
Obstacle;0.3,0.377;0.5,0.037
Obstacle;0.7,0.63;0.5,0.037
MBumper;0.15,0.555;0.15,0.75;0.067,0.28;0.25
MBumper;0.85,0.4535;0.85,0.2586;0.067,0.28;0.25

30
MObstacle;0.5,0.82;0.5,0.5757;0.5,0.037;2.0
MObstacle;0.225,0.228;0.225,0.517;0.196,0.037;1.0
MObstacle;0.775,0.228;0.775,0.517;0.196,0.037;1.0

31
RObstacle;0.5,0.5;0.5,0.11;2.0;c

32
RObstacle;0.333,0.29;0.5,0.11;0.85
RObstacle;0.667,0.655;0.5,0.11;0.85

33
RObstacle;0.32,0.285;0.067,0.28;10.0
RObstacle;0.68,0.345;0.5,0.037;10.0
RObstacle;0.32,0.675;0.5,0.037;10.0
RObstacle;0.68,0.735;0.067,0.28;10.0

34
Bumper;0.667,0.187;0.5,0.037
Bumper;0.333,0.81;0.5,0.037
RObstacle;0.4,0.367;0.5,0.037;35.0
RObstacle;0.6,0.645;0.5,0.037;35.0

35
Bumper;0.5,0.6;0.067,0.28
Bumper;0.5,0.3;0.07,0.28
Obstacle;0.64,0.234;0.067,0.11
Obstacle;0.874,0.234;0.067,0.11
RObstacle;0.25,0.25;0.067,0.11;15.0
RObstacle;0.25,0.45;0.067,0.11;15.0
RObstacle;0.25,0.65;0.067,0.11;15.0
MObstacle;0.29,0.81;0.71,0.81;0.5,0.037;3.0

36
RBumper;0.33,0.5;0.5,0.037;30.0
Obstacle;0.33,0.25;0.346,0.11
Obstacle;0.33,0.75;0.346,0.11
Obstacle;0.77,0.5;0.2,0.11

37
Bumper;0.117,0.75;0.067,0.28
Bumper;0.883,0.75;0.067,0.28
Bumper;0.37,0.75;0.067,0.28
Bumper;0.63,0.75;0.067,0.28
Bumper;0.117,0.46;0.067,0.28
Bumper;0.883,0.46;0.067,0.28
Bumper;0.37,0.46;0.067,0.28
Bumper;0.63,0.46;0.067,0.28
MObstacle;0.145,0.247;0.117,0.247;0.067,0.11;0.25
MObstacle;0.401,0.247;0.34,0.247;0.067,0.11;0.25
MObstacle;0.657,0.247;0.596,0.247;0.067,0.11;0.25
MObstacle;0.883,0.247;0.852,0.247;0.067,0.11;0.25

38
DBumper;0.27,0.27;0.067,0.28;45
DBumper;0.27,0.5;0.067,0.28;315
DBumper;0.27,0.73;0.067,0.28;45
DBumper;0.73,0.5;0.067,0.28;315
DBumper;0.73,0.73;0.067,0.28;45
DBumper;0.73,0.27;0.067,0.28;45

39
DBumper;0.26,0.252;0.5,0.037;45
DBumper;0.48,0.39;0.5,0.037;45
DBumper;0.787,0.455;0.5,0.037;120
Bumper;0.31,0.65;0.5,0.037
DBumper;0.787,0.725;0.5,0.037;60

40
DBumper;0.248,0.3;0.067,0.28;315
DMBumper;0.067,0.28;315;0.766,0.33;0.4,0.55;2.0
DBumper;0.4651,0.7751;0.067,0.28;45
DBumper;0.766,0.607;0.067,0.28;45
MObstacle;0.237,0.479;0.829,0.80;0.2,0.11;2.0

41
RRObstacle;0.067,0.28;0.5,0.5;0.35;1.0;cc
RRObstacle;0.067,0.28;0.5,0.5;0.14;4.0

42
RRObstacle;0.067,0.28;0.5,0.45;0.25;1.0
MObstacle;0.85,0.75;0.15,0.75;0.2,0.11;0.5

43
RRObstacle;0.2,0.11;0.25,0.25;0.05;0.88
RRObstacle;0.2,0.11;0.5,0.75;0.05;0.88
RRObstacle;0.2,0.11;0.75,0.25;0.05;0.88

44
RObstacle;0.3,0.275;0.067,0.2;6.0
RObstacle;0.7,0.275;0.067,0.2;6.0;cc
RObstacle;0.3,0.5;0.067,0.2;4.0
RObstacle;0.7,0.5;0.067,0.2;4.0;cc
RObstacle;0.3,0.725;0.067,0.2;2.0
RObstacle;0.7,0.725;0.067,0.2;2.0;cc

45
MObstacle;0.1,0.5;0.1,0.575;0.067,0.11;2.0
MObstacle;0.1,0.8;0.1,0.725;0.067,0.11;2.0
MObstacle;0.9,0.425;0.9,0.5;0.067,0.11;2.0
MObstacle;0.9,0.275;0.9,0.2;0.067,0.11;2.0
DBumper;0.4,0.375;0.067,0.28;130
DBumper;0.6,0.625;0.067,0.28;130

46
MMObstacle;0.125,0.068;0.19,0.22;0.5,0.22;0.81,0.22;0.81,0.4;0.5,0.4;0.19,0.4;0.19,0.6;1.75;YES
MMObstacle;0.125,0.068;0.5,0.22;0.81,0.22;0.81,0.4;0.5,0.4;0.19,0.4;0.19,0.6;0.5,0.6;1.75;YES
MMObstacle;0.125,0.068;0.81,0.22;0.81,0.4;0.5,0.4;0.19,0.4;0.19,0.6;0.5,0.6;0.81,0.6;1.75;YES
MMObstacle;0.125,0.068;0.81,0.4;0.5,0.4;0.19,0.4;0.19,0.6;0.5,0.6;0.81,0.6;0.81,0.8;1.75;YES
MMObstacle;0.125,0.068;0.5,0.4;0.19,0.4;0.19,0.6;0.5,0.6;0.81,0.6;0.81,0.8;0.5,0.8;1.75;YES
MMObstacle;0.125,0.068;0.19,0.4;0.19,0.6;0.5,0.6;0.81,0.6;0.81,0.8;0.5,0.8;0.19,0.8;1.75;YES

47
Obstacle;0.125,0.5;0.067,0.28
Obstacle;0.875,0.5;0.067,0.28
RObstacle;0.5,0.5;0.067,0.28;1.0
MMBumper;0.2,0.11;0.3,0.75;0.3,0.25;0.7,0.25;0.7,0.75;1.0;NO
MMBumper;0.2,0.11;0.7,0.25;0.7,0.75;0.3,0.75;0.3,0.25;1.0;NO

48
Bumper;0.33,0.2;0.5,0.037
RRBumper;0.5,0.037;0.5,0.5;0.066;0.75
RRBumper;0.067,0.28;0.5,0.5;0.366;0.75

49
RMObstacle;0.2,0.11;5.0;0.2,0.75;0.8,0.75;1.0
RMObstacle;0.2,0.11;1.5;0.2,0.41;0.8,0.41;1.1
RMObstacle;0.2,0.11;2.0;0.2,0.59;0.8,0.59;0.6
RMObstacle;0.2,0.11;3.0;0.2,0.225;0.8,0.225;0.4

50
MMBumper;0.067,0.28;0.85,0.325;0.85,0.75;0.85,0.65;0.85,0.325;0.85,0.4;0.85,0.5;0.85,0.6;0.85,0.45;0.5;NO
MMBumper;0.067,0.28;0.15,0.325;0.15,0.4;0.15,0.5;0.15,0.4;0.15,0.325;0.15,0.4;0.15,0.75;0.15,0.5;0.5;NO
MMObstacle;0.2,0.11;0.3,0.275;0.7,0.8;0.3,0.5;0.7,0.275;0.3,0.275;0.7,0.5;0.3,0.8;0.7,0.4;0.5;NO

51
MMObstacle;0.2,0.11;0.5,0.2;0.2,0.5;0.5,0.8;0.8,0.5;0.5;YES
MMObstacle;0.2,0.11;0.2,0.5;0.5,0.8;0.8,0.5;0.5,0.2;0.5;YES
MMObstacle;0.2,0.11;0.5,0.8;0.8,0.5;0.5,0.2;0.2,0.5;0.5;YES
MMObstacle;0.2,0.11;0.8,0.5;0.5,0.2;0.2,0.5;0.5,0.8;0.5;YES

52
Obstacle;0.7,0.535;0.5,0.037
DBumper;0.69,0.325;0.7,0.037;52.5
MMBumper;0.5,0.037;0.3,0.6;0.3,0.6;0.3,0.6;0.3,0.6;0.3,0.6;0.3,0.6;0.3,0.6;0.3,0.6;0.3,0.6;0.3,0.6;0.3,0.6;0.3,0.6;0.3,0.6;0.3,0.6;0.3,0.6;0.3,0.6;0.3,0.6;0.3,0.6;0.3,0.6;0.3,0.6;0.3,0.6;0.3,0.6;0.7,0.6;0.7,0.6;0.7,0.6;0.7,0.6;0.25;NO
MMBumper;0.5,0.037;0.7,0.75;0.7,0.75;0.7,0.75;0.7,0.75;0.7,0.75;0.7,0.75;0.7,0.75;0.7,0.75;0.7,0.75;0.7,0.75;0.7,0.75;0.7,0.75;0.7,0.75;0.7,0.75;0.7,0.75;0.7,0.75;0.3,0.75;0.3,0.75;0.3,0.75;0.3,0.75;0.3,0.75;0.3,0.75;0.3,0.75;0.3,0.75;0.3,0.75;0.3,0.75;0.25;NO
MMBumper;0.067,0.09;0.915,0.675;0.915,0.675;0.915,0.675;0.915,0.675;0.915,0.675;0.915,0.675;0.915,0.675;0.915,0.675;0.915,0.675;0.915,0.675;0.915,0.675;0.915,0.675;0.915,0.675;0.915,0.675;0.915,0.675;0.915,0.675;0.5,0.675;0.5,0.675;0.5,0.675;0.5,0.675;0.5,0.675;0.5,0.675;0.5,0.675;0.5,0.675;0.5,0.675;0.5,0.675;0.25;NO

53
RRObstacle;0.067,0.28;0.5,0.55;.15;15.0
RRObstacle;0.067,0.28;0.5,0.55;-.15;15.0
Obstacle;0.15,0.2;0.125,0.068
Obstacle;0.85,0.2;0.125,0.068
Obstacle;0.5,0.2;0.125,0.068

54
Obstacle;0.465,0.375;0.5,0.11
Obstacle;0.535,0.625;0.5,0.11
DBumper;0.135,0.475;0.067,0.11;135
DBumper;0.865,0.525;0.067,0.11;135

55
MMObstacle;0.2,0.11;0.235,0.225;0.235,0.2667;0.235,0.3;0.5,0.3;0.765,0.3;0.765,0.4;0.765,0.5;0.5,0.5;0.235,0.5;0.235,0.6;0.235,0.7;0.565,0.7;0.825,0.7;0.825,0.7;0.825,0.7;0.825,0.7;0.235,0.7;0.235,0.5;0.765,0.5;0.765,0.3;0.235,0.3;0.75;NO
Bumper;0.68,0.2;0.5,0.037
Bumper;0.32,0.4;0.5,0.037
Bumper;0.68,0.6;0.5,0.037
Bumper;0.2725,0.8;0.4,0.037

56
RMObstacle;0.5,0.037;0.8;0.7,0.25;0.7,0.75;0.8
RMObstacle;0.067,0.28;0.8;0.3,0.75;0.3,0.3;0.8;cc

57
MMObstacle;0.067,0.28;0.45,0.5;0.45,0.3;0.15,0.3;0.2;YES
MMObstacle;0.067,0.28;0.55,0.5;0.55,0.3;0.85,0.3;0.2;YES
MMObstacle;0.067,0.28;0.35,0.5;0.15,0.5;0.15,0.65;0.2;YES
MMObstacle;0.067,0.28;0.65,0.5;0.85,0.5;0.85,0.65;0.2;YES
MObstacle;0.2,0.85;0.4,0.85;0.196,0.037;0.4
MObstacle;0.8,0.85;0.6,0.85;0.196,0.037;0.4

58
MMObstacle;0.2,0.11;0.18,0.25;0.375,0.25;0.375,0.25;0.35;YES
MMObstacle;0.2,0.11;0.625,0.25;0.625,0.25;0.82,0.25;0.35;YES
MMObstacle;0.2,0.11;0.375,0.4;0.375,0.4;0.18,0.4;0.35;YES
MMObstacle;0.2,0.11;0.82,0.4;0.625,0.4;0.625,0.4;0.35;YES
MMObstacle;0.2,0.11;0.18,0.55;0.375,0.55;0.375,0.55;0.35;YES
MMObstacle;0.2,0.11;0.625,0.55;0.625,0.55;0.82,0.55;0.35;YES
MMObstacle;0.2,0.11;0.375,0.7;0.375,0.7;0.18,0.7;0.35;YES
MMObstacle;0.2,0.11;0.82,0.7;0.625,0.7;0.625,0.7;0.35;YES

59
RRObstacle;0.196,0.037;0.5,0.6;0.25;1.5
RRObstacle;0.196,0.037;0.5,0.6;-0.25;1.5
RRObstacle;0.196,0.037;0.5,0.459;0.25;1.5
RRObstacle;0.196,0.037;0.5,0.459;-0.25;1.5
MMObstacle;0.196,0.037;0.2,0.2;0.2,0.2;0.2,0.2;0.2,0.85;0.2,0.85;0.2,0.85;0.2,0.85;0.2,0.85;0.2,0.85;0.2,0.2;0.2,0.2;0.2,0.2;0.125;NO
MMObstacle;0.196,0.037;0.8,0.2;0.8,0.2;0.8,0.2;0.8,0.85;0.8,0.85;0.8,0.85;0.8,0.85;0.8,0.85;0.8,0.85;0.8,0.2;0.8,0.2;0.8,0.2;0.125;NO

60
DMBumper;0.067,0.28;315;0.25,0.25;0.25,0.75;2.0
DMBumper;0.067,0.28;315;0.75,0.75;0.75,0.25;2.0
Obstacle;0.5,0.5;0.067,0.28





